0.000000 0.000000 0.000000
0.000000 0.000000 4.200000
0.000000 0.000000 8.400000
0.000000 0.000000 12.600000
0.000000 0.000000 16.800000
0.000000 4.200000 0.000000
0.000000 4.200000 4.200000
0.000000 4.200000 8.400000
0.000000 4.200000 12.600000
0.000000 4.200000 16.800000
0.000000 8.400000 0.000000
0.000000 8.400000 4.200000
0.000000 8.400000 8.400000
0.000000 8.400000 12.600000
0.000000 8.400000 16.800000
0.000000 12.600000 0.000000
0.000000 12.600000 4.200000
0.000000 12.600000 8.400000
0.000000 12.600000 12.600000
0.000000 12.600000 16.800000
0.000000 16.800000 0.000000
0.000000 16.800000 4.200000
0.000000 16.800000 8.400000
0.000000 16.800000 12.600000
0.000000 16.800000 16.800000
4.200000 0.000000 0.000000
4.200000 0.000000 4.200000
4.200000 0.000000 8.400000
4.200000 0.000000 12.600000
4.200000 0.000000 16.800000
4.200000 4.200000 0.000000
4.200000 4.200000 4.200000
4.200000 4.200000 8.400000
4.200000 4.200000 12.600000
4.200000 4.200000 16.800000
4.200000 8.400000 0.000000
4.200000 8.400000 4.200000
4.200000 8.400000 8.400000
4.200000 8.400000 12.600000
4.200000 8.400000 16.800000
4.200000 12.600000 0.000000
4.200000 12.600000 4.200000
4.200000 12.600000 8.400000
4.200000 12.600000 12.600000
4.200000 12.600000 16.800000
4.200000 16.800000 0.000000
4.200000 16.800000 4.200000
4.200000 16.800000 8.400000
4.200000 16.800000 12.600000
4.200000 16.800000 16.800000
8.400000 0.000000 0.000000
8.400000 0.000000 4.200000
8.400000 0.000000 8.400000
8.400000 0.000000 12.600000
8.400000 0.000000 16.800000
8.400000 4.200000 0.000000
8.400000 4.200000 4.200000
8.400000 4.200000 8.400000
8.400000 4.200000 12.600000
8.400000 4.200000 16.800000
8.400000 8.400000 0.000000
8.400000 8.400000 4.200000
8.400000 8.400000 8.400000
8.400000 8.400000 12.600000
8.400000 8.400000 16.800000
8.400000 12.600000 0.000000
8.400000 12.600000 4.200000
8.400000 12.600000 8.400000
8.400000 12.600000 12.600000
8.400000 12.600000 16.800000
8.400000 16.800000 0.000000
8.400000 16.800000 4.200000
8.400000 16.800000 8.400000
8.400000 16.800000 12.600000
8.400000 16.800000 16.800000
12.600000 0.000000 0.000000
12.600000 0.000000 4.200000
12.600000 0.000000 8.400000
12.600000 0.000000 12.600000
12.600000 0.000000 16.800000
12.600000 4.200000 0.000000
12.600000 4.200000 4.200000
12.600000 4.200000 8.400000
12.600000 4.200000 12.600000
12.600000 4.200000 16.800000
12.600000 8.400000 0.000000
12.600000 8.400000 4.200000
12.600000 8.400000 8.400000
12.600000 8.400000 12.600000
12.600000 8.400000 16.800000
12.600000 12.600000 0.000000
12.600000 12.600000 4.200000
12.600000 12.600000 8.400000
12.600000 12.600000 12.600000
12.600000 12.600000 16.800000
12.600000 16.800000 0.000000
12.600000 16.800000 4.200000
12.600000 16.800000 8.400000
12.600000 16.800000 12.600000
12.600000 16.800000 16.800000
16.800000 0.000000 0.000000
16.800000 0.000000 4.200000
16.800000 0.000000 8.400000
16.800000 0.000000 12.600000
16.800000 0.000000 16.800000
16.800000 4.200000 0.000000
16.800000 4.200000 4.200000
16.800000 4.200000 8.400000
16.800000 4.200000 12.600000
16.800000 4.200000 16.800000
16.800000 8.400000 0.000000
16.800000 8.400000 4.200000
16.800000 8.400000 8.400000
16.800000 8.400000 12.600000
16.800000 8.400000 16.800000
16.800000 12.600000 0.000000
16.800000 12.600000 4.200000
16.800000 12.600000 8.400000
16.800000 12.600000 12.600000
16.800000 12.600000 16.800000
16.800000 16.800000 0.000000
16.800000 16.800000 4.200000
16.800000 16.800000 8.400000
16.800000 16.800000 12.600000
16.800000 16.800000 16.800000
