0.000000
0.000000
0.000000
0.000000
0.000000
0.171376
0.122797
0.000000
0.000000
0.057547
0.000000
0.078565
0.099756
0.057021
0.074145
0.021630
0.095442
0.016970
0.106297
0.041004
0.086571
0.078707
0.092401
0.056470
0.103910
0.111908
0.111024
0.082478
0.051195
0.011946
0.027938
0.073340
0.068897
0.046318
0.065508
0.078368
0.050723
0.055446
0.077152
0.049974
0.088735
0.057347
0.046046
0.068677
0.057750
0.075327
0.055294
0.062206
0.072927
0.063645
0.059111
0.088197
0.052808
0.065381
0.059504
0.064129
0.056994
0.058174
0.065316
0.067544
0.056808
0.052227
0.057223
0.058013
0.061226
0.067853
0.058775
0.046778
0.063148
0.068877
0.061707
0.055926
0.071207
0.058697
0.045893
0.048333
0.075502
0.062315
0.052302
0.060864
0.066581
0.050870
0.075612
0.053682
0.057515
0.062577
0.065307
0.057033
0.056415
0.068790
0.052045
0.072025
0.078982
0.057084
0.058793
0.056428
0.064196
0.060152
0.055186
0.066159
0.063305
0.060550
0.061849
0.069394
0.069024
0.063052
0.060040
0.058478
0.062704
0.057662
0.063435
0.060212
0.060789
0.063758
0.070976
0.056113
0.066262
0.060244
0.063674
0.061520
