0.000000
0.000000
0.000000
0.000000
0.000000
0.000000
0.186195
0.000000
0.108971
0.436286
0.357201
0.000000
0.151258
0.129690
0.112425
0.229580
0.086830
0.154386
0.299326
0.186521
0.262533
0.238684
0.249077
0.214062
0.157557
0.193925
0.202013
0.187590
0.106735
0.199245
0.203340
0.174749
0.156700
0.196646
0.132438
0.200131
0.189316
0.196169
0.164841
0.277840
0.124937
0.192213
0.200729
0.183276
0.123388
0.197976
0.134874
0.157202
0.187646
0.180141
0.157624
0.187224
0.191599
0.151458
0.180449
0.179122
0.143209
0.200255
0.142797
0.142490
0.185194
0.160465
0.165460
0.158336
0.170516
0.148814
0.142590
0.157426
0.154543
0.148496
0.155414
0.177308
0.170951
0.172167
0.164736
0.152105
0.153541
0.158791
0.153492
0.169609
0.172719
0.161387
0.164447
0.169575
0.163378
0.168204
0.162231
0.177075
0.165045
0.164330
0.143395
0.160990
0.181480
0.169504
0.168584
0.176307
0.153204
0.145932
0.173855
0.161620
0.172467
0.147663
0.184558
0.159671
0.167456
0.157215
0.186939
0.182795
0.170067
0.182095
0.152993
0.148993
0.169399
0.157861
0.173152
0.189075
0.163774
0.159856
0.170080
0.154550
